$ANSIBLE_VAULT;1.1;AES256
61643364323136323134316361373161663130343065396664366162643436623665343063653632
3362373837663361316362343432623934376364393139370a373431623262653536666236363364
32343435313435383134623336636539373035306664623964343863333236373765303038643232
3236313661376266660a363030396562303835303931306532626531333632373132386364613435
38636662663330633634383738616264316535313032663963613936623234626635343164303035
66373533353937316666653066306365636239656336333363326661313864303437383163366266
64306565343637643064333934366465666363663133613239373331656533333237633831653565
30363934373765663530366165343232653333346561666437323764643536306437306233623765
63366639386562663833623966343933386533396139316434373939663436353330663538303039
35393833303866373934323863383734376539353139616231646131363632343463633036376638
33376633663363376237376233393432333337656261666131626238376230386638653630393739
37386232633962653935366439356362323964396265333331353937323038313033633565616464
32386162393362303139376234316566656664373139313566313864373364306237643732373639
35663264613466363161356366336362396339613434383963653664633037356362623930663331
65636366326234616433383638343231363833613666663964373535646565623735386432663066
30616465366131663731623164313031646333336661333766343633653039336139343562663861
37663766383265643364353439653830393233633731613133393962623865373461383830643136
61613230353964373062616362373538346164636562373438623230356333306565343933373035
63333938633961666136373731386330303837643430323736333838616365326430383834616364
63623832613963393162313035393161306133346337313433323332396137323937343537393432
39393233383030656630616438303034326337643831383161393637653161663861663662343439
37313935313066666339363238333864653263636563653735636362356561623333383862363864
61616539613333633733353334383533363132326166303465326162386337633866303535346236
35663538313036353463363231303864623761643764663731383637373935623837643134646437
62333230623364656436323563646163386664353132346230333463396462303335316434663539
63396566643264343032663031303966653439656636386561353766313530633838316430613139
38663634346136643266336634356333303132366332643362303633343535623065313835313632
31373132366266366663
